version https://git-lfs.github.com/spec/v1
oid sha256:4d56164fed75ba7895ecd6249b6e55a2638e67890b08eabf30c9fb1d829a22fe
size 1163212
